-2.781181022056252949e+00
-6.248101995476224246e+00
3.071628269649551868e+01
-2.515805683574688700e+01
7.696388142238248520e+00
-3.714365015369844869e+00
1.642705860338135793e+01
-6.721802015706525024e-01
-2.347834302725711808e+01
-8.763319160541938047e+00
3.831885115181474233e-01
7.377600464380077661e+00
-9.662144381119931680e+00
-1.403965397188469799e+00
1.508169105640307173e+01
-4.767679342620929184e+00
-3.255062285369351383e+00
3.223361073522829634e-01
-1.085221327743523823e+01
-1.229771848461491457e+00
-2.424126445561644250e+00
4.990372803746851105e+00
3.142030151812437566e+01
-1.563581933590975126e+01
8.699572721920247886e+00
1.467068874643207721e+01
-8.349864521683391771e+00
-1.660042477848186238e+01
1.895033438018046112e+01
4.984208723166499766e+00
-1.983544592534570272e+00
-2.809372799727974712e+00
1.772439890746874358e+00
-4.896985230910117615e+00
-7.807571094982726834e+00
1.089836612996453269e+01
1.636496413407967765e+01
2.391098681133241866e-01
-3.727498856018356843e+00
-6.178193767280290238e+00
-6.529142462589119233e+00
1.159543883017092014e+01
1.297641938547804763e+01
1.387870041872695248e+00
2.275299201235997870e+01
2.117028996460130230e+01
-2.657316219842129712e+01
-1.819569053762251443e+01
-2.846218628019651931e+01
1.057959600067157879e+01
1.775089584914885421e+01
1.555575689265182859e+01
-7.916095113183287957e+00
-8.539106306296950777e+00
-1.102275142826715459e+01
3.072216757194279779e+01
2.039974947661509663e+00
-4.901813673004244976e+00
-4.725909008863637517e+00
3.362119337717412293e+01
-3.187818267441069331e+00
-2.183390269569221331e+01
2.326342399618812351e+01
1.153647195798721903e+01
-3.476475323321903677e+00
4.430738933985326256e+00
9.714432847782859426e+00
1.680877014966457850e+01
9.398176276217059311e+00
-9.135952656376742365e-01
-1.551469213380843293e+01
-1.569535675937367181e+01
1.264252547244131897e+01
-6.009564598893454956e+00
9.409654305446139233e+00
1.519026682806813611e+01
-3.868084366346055680e-01
-1.795446957041906089e+01
4.293934617392507924e+00
2.871047922397054641e+00
3.222718293420372859e+00
1.100501795729837440e+01
3.487967881471009113e-01
1.001615219054043715e+00
4.097942230710977185e+00
3.209620797398439751e-01
-2.073829633054868893e+01
-2.777854480007768956e+01
1.441124740244722169e+01
9.742045589889727353e+00
-3.474315965646342619e+01
1.961717179955059009e+01
2.525061681650952572e+00
-1.188387682433036296e+01
4.482782792427205010e+00
-9.933061785931235121e+00
-1.879032020094662769e+01
-2.381326216444204036e+01
-1.356810684952761825e+01
-8.329877518547755599e+00
-3.182100009945293184e+00
-1.746558730796541070e+01
-1.007478901552811834e+01
1.407724318266890329e+01
3.030467525397544826e+00
-2.388751659982899866e+01
-4.711983122292086712e+00
1.121607118816710447e+01
1.375107882796777936e+01
-9.544126302777767634e+00
-3.137409658932775969e+01
4.771823885290763734e+00
4.543608318978408889e+00
-9.502156580967325183e+00
-4.490358416648994933e+00
-1.946728133527906479e+01
-4.767911251873703016e+00
-5.274088510883074843e-01
3.292986877495310605e+00
-1.596554797591624997e+00
-2.127236537252371917e+01
-2.363617072047343370e+01
-1.656787456769715305e+01
-7.835590129455123787e+00
-1.970250475762557940e+01
-1.301276969399930472e+01
-6.585221938581875989e+00
-3.909339685854145596e+00
2.034184804549176562e+01
9.219377879694418354e+00
-2.143794405774606116e+00
-2.680195830423915293e+00
1.885423101524592582e+01
-3.443162322638807282e+00
9.346603270697867671e+00
5.830472054256714109e+00
-3.398302695806768980e+01
-2.128244982244967431e+01
4.438857244205082431e+00
-1.246642506437316333e+00
-1.089176600586891297e+01
-1.082759861857568495e+01
-1.373267643090503753e+01
-6.838221350623371109e+00
9.186068366447736722e+00
1.627598899704026492e+00
1.839142730474783960e+01
-1.550800270908701783e+01
1.256933954359044536e+00
-4.937292248965106545e+00
-7.942842849101958258e+00
-1.273566186291238367e+01
-1.763928410048228201e+01
-1.472153906251178057e+01
-8.210179593824614486e+00
-4.404119808171946815e+00
1.294806953785280079e+01
1.340462309851970346e+00
1.114575735905942189e+01
2.628385378292657037e+01
6.796680439487690961e+00
-1.146746572561347222e+01
-1.918876226109951588e+01
-1.215904859558856188e+01
-2.370371795321371433e+00
1.412089006204175945e+01
-1.309643299449940379e+01
1.084596227804465585e+01
9.819355006482004100e+00
8.939351577392779191e+00
-2.599144474315102205e+00
-2.849793354558358516e+01
2.862299631892204843e+01
1.173602206290761352e+01
3.996740672672610017e+00
1.169746701251916399e+01
1.409134760948072440e+01
-1.684448520009369688e+01
9.113927428182940105e+00
-1.230233599185172544e+01
-1.949004266507719763e+01
-1.512025661840393376e+01
-2.139637737050773580e+01
-2.945898819006732006e-01
-1.508794503675760179e+00
-1.880006423467369459e+01
1.577361664761230386e+01
-5.247448235051653143e+00
-9.430451909941123034e+00
-7.893557451358858224e+00
1.270244504090594795e+01
-4.313686556988875154e+00
-3.165630264490634893e+00
-2.309192022815549450e+01
5.613809523039371641e+00
1.387616515997770605e+01
-2.158524793964487642e+01
8.329391485926322503e+00
-8.338267320575120323e+00
3.708258820875401263e+00
3.870658803481981636e+01
2.547289830262248866e+00
8.871062836840664545e+00
-1.109609039332188729e+01
1.178285509497730388e+01
-1.783271064285155560e+01
-2.736555306122907538e+00
8.052052690307892391e+00
-4.256180405268227829e-01
1.574893913900407938e+01
-1.136036711141833067e+01
2.036957369099420490e+01
-1.828129362991553464e+01
-8.064808917690456269e+00
-2.201057908002661989e+00
2.269701286246601413e+01
2.095461660214195376e+01
-1.326408248633776843e+01
-3.777133739183199879e+01
1.542568317878188378e+00
2.234406126222836075e+00
3.145199808206745473e+01
-1.678277278683408724e+01
-4.169119216507508163e+00
-3.807320819917874744e+00
-2.270133084704566784e+01
1.229402151506316443e+01
-5.083049231337898988e+00
-1.152132979477103270e+01
-1.542525342810017186e+01
3.542898041789868557e+01
1.284117701098608144e+01
-7.667386252300583571e+00
-1.265791423181086728e+01
-2.874951613092214231e+01
-3.838013047908819697e+00
4.401272650378669660e+00
-5.392652084395954226e+00
3.897683539964769750e+01
-5.113835621017733146e+00
3.965693931275410922e+00
-1.835189357325172921e+01
1.137173979407719848e+01
-2.229531930728894551e+01
-1.707923533168192165e+01
9.587177753017330772e+00
-5.642647878938691797e+00
-1.364359831383029231e+01
-1.511808562457672878e+01
7.618217798726960588e+00
-1.008940884146337646e+00
-1.927618343077242002e+01
-2.882827842929024609e+00
-2.038982017108963163e+01
-1.730241031267436469e+01
4.088684549178664973e+00
-4.114179407836070501e-01
-5.387010262944270877e+00
-3.491621817909773551e+00
-1.434012287381225192e+01
3.606790236719114695e+00
-3.947713778060579770e+00
1.839100570776283528e+00
-4.272226340056472615e+00
1.912517988574058236e+01
-2.090123181079199810e+01
-3.982006253784300842e+00
1.481045387748257980e+01
-1.321148235316448272e+01
-9.700545498151726065e+00
2.727115696018264313e+00
-1.053215570475871488e+01
3.668857658172510838e+01
1.642696880180671926e+01
1.954592470655198611e+01
-3.684747608006345931e+00
-3.085988248729254124e+01
-8.031962237729858956e+00
1.375435010771097843e+01
-2.345594742204531968e+01
-4.273533706966520462e+00
7.081534096868290717e+00
1.207446995099432208e+01
1.632683839385303148e+00
-7.247120748859633643e+00
-4.375709179924981207e+00
8.786221427580630516e-01
-7.419135186629943313e+00
1.152008939218081984e+01
1.371448867310599518e+01
1.240940061666234762e+01
-3.033102544126376543e+01
-5.934160799370457040e-01
1.451532729246069842e+01
-3.883355763640293556e+00
5.635705058627040742e+00
-2.334046376346889939e+00
1.707493104281259377e+01
-7.025804316074805156e-01
4.168642651027824719e+00
